Ds[1]=[
  [
    {
      "numLayers": 3,
      "layerSizes": [
        20,
        10,
        10,
        2
      ],
      "inputSize": 20,
      "outputSize": 2,
      "inAct": "identity"
    },
    "signlogp",
    "relu",
    "tanh"
  ],
  [
    [
      0.48985203409192307,
      -0.14948214361513834,
      -0.07314849159099235,
      -0.042033688275155745,
      -1.2615084382360646,
      2.6379905034836355,
      1.8683793144128793,
      -1.6816773590162313,
      -2.7232960372022026,
      1.5325856437585026,
      0.6774232734767256,
      3.048530157257697,
      1.464623135704588,
      1.3802334514779382,
      0.9277750150507259,
      -1.2275497881275026,
      -1.3204055811455448,
      -1.0613542001605882,
      -1.8735381322095925,
      -1.9654508719328931
    ],
    [
      -2.694088770529034,
      0.9053013758726967,
      -0.6898472806697805,
      -0.6172267088847241,
      -1.8818796632763841,
      0.9664406664082479,
      -0.7202924340706797,
      -2.2906798760240825,
      -0.57132976256973,
      -0.4219930035622016,
      -1.1149054644887293,
      -1.2431739898828695,
      3.936002094905578,
      0.9319921597363092,
      1.842599071488785,
      1.7324943287915495,
      0.0006755900951023186,
      1.2805941532847356,
      -0.9387101327322909,
      -1.5352623477976657
    ],
    [
      1.409624195695594,
      1.3208157937419858,
      1.372383085134194,
      -2.4352263830479237,
      -0.11239805450310836,
      1.9065701931609045,
      -0.5143824231225462,
      1.5959302094864634,
      -1.3651030961725141,
      1.2565105162049393,
      1.496419734580054,
      1.6922569463113244,
      -1.6084292494775592,
      0.6338814372446686,
      -3.0726416660568145,
      -0.647864555024158,
      -0.817958267172951,
      1.742541795029616,
      -0.811352936747407,
      -0.9087551743987468
    ],
    [
      0.08310877132623262,
      -1.0795129552856086,
      -1.5758093400803266,
      -1.3625381701515584,
      1.5496720860052835,
      -2.5409243722705837,
      1.0027541367699881,
      -0.17448067158963115,
      -0.45397865098536627,
      -0.5060509834417273,
      -1.4061826798264043,
      -0.9462025098847666,
      1.69439757933951,
      -2.2631483466665725,
      -0.25591541454389644,
      -0.45394824852193183,
      -1.8632853223288626,
      -1.3364871510176424,
      0.941765299592308,
      1.3725804926130785
    ],
    [
      -1.508724491668548,
      -0.6527047782528772,
      1.5524860016916882,
      0.5435576585237993,
      -2.6539474716795484,
      -1.039292252658704,
      -0.9715538087169817,
      0.04442253475183777,
      -2.3145720152279488,
      1.0928469774777985,
      0.7052306177966563,
      1.253028228541134,
      3.1567681760988995,
      0.4736686404952584,
      0.9602674012344956,
      1.0138671097738046,
      -0.6423483863777495,
      0.5068037505980545,
      -0.42157196307744327,
      1.618205546905981
    ],
    [
      0.44398060688927443,
      -1.1509229808426324,
      -0.6033259920770075,
      -1.6108831907217134,
      0.6873693119242597,
      -0.5178890021702269,
      1.845850321353133,
      -0.3786645698548947,
      -0.023918896171507387,
      0.5163281357968674,
      0.34910360381166733,
      -1.1750984896917132,
      -0.6087793365756784,
      -0.28316472869096027,
      -1.9535858640854826,
      0.3877110613954245,
      0.34492686027338704,
      -0.8563240701769744,
      -2.178935415822262,
      1.3667233432787427
    ],
    [
      -1.2625519345144722,
      1.6333236760098075,
      1.0932368197327196,
      1.1237182331421125,
      -0.9364398870734131,
      -1.1862273211700625,
      -1.8761052166265015,
      2.945560408027243,
      -0.09592600531566042,
      1.067674316773171,
      0.5014344102144928,
      2.4225047356708043,
      -1.9783697261694053,
      -0.27288555046038754,
      0.46314952707027307,
      -0.1290416371493462,
      -0.26795255600189316,
      -1.54053173198551,
      1.3820477657018115,
      -0.9560879395135349
    ],
    [
      1.0088108931835453,
      0.8575664356901769,
      -1.448036216534942,
      0.9125797888322245,
      0.3677286723778348,
      -1.2301058144661008,
      1.1759827207844964,
      1.6912236037186883,
      -1.241387509797078,
      -1.5509725607573634,
      0.18159465082014387,
      -0.4781927711695721,
      1.929813348508966,
      0.08558166228511432,
      2.1617044736613713,
      0.022346020450903614,
      -1.0242507720272465,
      -0.21517224731676254,
      2.9823411849329986,
      -1.7570832697586654
    ],
    [
      -1.6465536250022916,
      0.46206959143536563,
      -0.4625281620021675,
      -0.8704834886483217,
      0.005725425805382656,
      -1.1183597991048082,
      0.7432389929314502,
      0.18056510359031547,
      -0.18150315888207813,
      1.8440256563143858,
      -0.21096592844554918,
      -1.70209818793687,
      -1.5139254959061417,
      0.333777683451987,
      -2.478458049253097,
      1.2257769565656391,
      0.16361549244572327,
      0.21962048275267065,
      1.1394655632618282,
      -3.0369761680802267
    ],
    [
      2.74663603236373,
      0.9788912609358364,
      1.567647277391714,
      -1.0777924821691602,
      1.3471895970758423,
      -0.36725994541543266,
      0.4329838865301536,
      -1.9491954721001878,
      1.3572975140686103,
      -0.5078462340099512,
      -0.8232786422434095,
      -0.5081960269912145,
      0.011162394443131274,
      -2.096649277718131,
      1.027651967963113,
      0.26959047478223264,
      -0.505536296630714,
      0.4810943040634843,
      -0.5422634829076596,
      1.446220616237353
    ]
  ],
  [
    [
      1.6119497710131112,
      0.1824317554561672,
      0.9465390710473914,
      1.9009081521166085,
      -1.1548019286627427,
      1.3779617416709526,
      1.5881753109112724,
      -0.6183575145340978,
      0.5320233123626724,
      0.10610034086782633,
      -1.6173416941066001
    ],
    [
      1.275596771376036,
      0.7918967674249863,
      2.2076590048449294,
      1.5027492387893095,
      0.5792016937751043,
      -1.967477859844304,
      -1.6027826206610882,
      1.7035027732416834,
      1.871710332808274,
      0.28577762948000335,
      -1.220377320247759
    ],
    [
      -1.6515094593528523,
      0.5906101255738836,
      -1.2493291438072567,
      -3.171087272202223,
      0.6508214614495471,
      -0.8022960585192964,
      1.0678943865517014,
      0.8056278165397193,
      0.021057424815591752,
      -1.933835964053446,
      -0.70875047033623
    ],
    [
      1.5940477213313373,
      0.9922046390497039,
      0.6794532729226908,
      0.37660865884538275,
      -2.4306612185369363,
      1.0302655820674267,
      0.7382171828782305,
      -0.29421576897088686,
      -1.766045626969912,
      -0.03067900809688262,
      1.8013361199256053
    ],
    [
      -0.1872618310981904,
      -0.5930662927262063,
      -0.9738907503236849,
      0.8256724301557158,
      -0.8832507788336375,
      1.0129369750055028,
      -0.06990835686251856,
      -0.3480853268411459,
      0.7497910192552826,
      0.12540938939808388,
      -0.8178414736371857
    ],
    [
      -0.06464508149083803,
      0.06023312303715567,
      -1.6700743000614984,
      -0.9544548554950871,
      -0.8507606349730596,
      -0.8303424010816274,
      1.1143740744635617,
      -0.32883006321428243,
      -1.386834908072235,
      -0.20690076445125416,
      0.47553070115537865
    ],
    [
      -0.46854908726988453,
      -0.6233885617346595,
      3.365172871350417,
      -0.30137570921553536,
      0.03780518547904954,
      0.4531552936383192,
      -1.1437464513679758,
      -0.523614761658709,
      -1.680174980243025,
      0.047854305121235896,
      2.3784352277444194
    ],
    [
      -0.7665166671245172,
      0.06628629186003537,
      -0.20781869331567093,
      1.4470645683912668,
      -0.5898652488492708,
      0.39832683545298897,
      -1.1999961976743445,
      -0.3648389160671143,
      0.0909546639336486,
      1.117126398586823,
      -1.9722598426007267
    ],
    [
      -0.08409884385045563,
      0.4841823194593333,
      1.9977260500548275,
      -0.7228783680661922,
      -0.44875663342116656,
      -0.5711789575632638,
      2.1409803149234086,
      -2.0357244620474955,
      -0.6943794603597344,
      0.5074717147352312,
      -0.2928392186611449
    ],
    [
      0.500469520380789,
      -0.5281758025936154,
      1.7540482737659755,
      -0.004939055891654276,
      -0.7966328648020485,
      -0.5108317341501584,
      1.7378449514477374,
      0.27321911859680137,
      -1.0042689396105722,
      1.9928415159285522,
      0.9292354918219536
    ]
  ],
  [
    [
      -0.9108201035170153,
      -0.3071183052902658,
      0.9290823883076922,
      1.020500903323301,
      -0.8275911179463014,
      0.13163379655421537,
      0.94281483071004,
      -0.4405398583862644,
      -0.9509828638531865,
      -0.4332960674775217,
      -1.0509664950769264
    ],
    [
      0.3513527930084084,
      -0.2706894939925135,
      1.1316992530348267,
      0.3451871712782051,
      1.729493802474417,
      2.519176783642044,
      -2.073088588772219,
      1.9786863227658331,
      0.3022002026260773,
      1.9882630225487543,
      -1.4257521228650212
    ]
  ]
];
