D=[
  [
    {
      "numLayers": 3,
      "layerSizes": [
        20,
        10,
        10,
        2
      ],
      "inputSize": 20,
      "outputSize": 2
    },
    "relu",
    "relu",
    "tanh"
  ],
  [
    [
      -0.10630818131028752,
      0.1336561089373104,
      0.1940836567971601,
      -0.011293270385369147,
      -0.06652243328277313,
      0.1497036170648054,
      -0.16848029361285305,
      0.08133723138278526,
      0.08384032057496993,
      0.03621086891705394,
      0.21431683513022926,
      -0.18526820138101535,
      0.11425736334240261,
      -0.1467541643582118,
      0.05106437684119941,
      0.1578812892950936,
      0.06379144879763138,
      -0.1596613306933694,
      -0.0002432500389135117,
      -0.12497335261688503
    ],
    [
      0.22544144386343035,
      -0.05263603702515379,
      0.11305249843611609,
      -0.006356857644039926,
      0.08085247413857904,
      0.10386630170083894,
      -0.18945485290237202,
      0.17735287200740324,
      0.11211433944603111,
      0.16657517638266678,
      -0.12634156190481938,
      0.14030207269811457,
      -0.016446676321985043,
      -0.10097128244818343,
      0.1700131252463022,
      0.18470032649184714,
      0.03401491626628894,
      0.08176081770923699,
      -0.2412378413518193,
      -0.09853743822367667
    ],
    [
      -0.17582175600325456,
      0.14411560486724384,
      -0.19819867827123844,
      -0.0657874613268487,
      0.13330838097723163,
      -0.03474569596764787,
      -0.19591911468424195,
      -0.10603968887823284,
      0.17400846143106147,
      0.054760220616376865,
      0.24822442094709918,
      -0.24024466241794307,
      -0.20901060498266033,
      -0.1899548138643502,
      -0.05883774635486749,
      0.11201827368171613,
      -0.01739807806960253,
      0.20103807203485402,
      0.048672737802938015,
      -0.1693802272756465
    ],
    [
      -0.036214240629903416,
      -0.10839742126365676,
      0.1290135327684983,
      0.13981439478416824,
      0.12265668700919313,
      0.2440040422873096,
      -0.07858955350639196,
      0.14165004428199662,
      0.010293251369266732,
      -0.14699867519106125,
      0.19831736861691457,
      -0.20707227177651277,
      0.12909073811449712,
      0.10775747168477395,
      -0.08404045510241676,
      0.09908320414991983,
      0.18354733188809147,
      -0.13191662281339983,
      -0.20474755981590692,
      -0.08800968674922394
    ],
    [
      0.21499095386422584,
      -0.027513873520766008,
      0.13813658646848243,
      -0.08246005266122775,
      0.02066463835476967,
      -0.017896314728769014,
      0.0038079912061648735,
      -0.24743604882211673,
      -0.13381941712638867,
      -0.12644189469657785,
      0.20336722864952145,
      -0.1059141385837511,
      0.24826785148482117,
      -0.17392661791186748,
      0.13351500725875576,
      -0.012153052862795444,
      0.07297289948467495,
      -0.24669230795347075,
      0.1774753625971961,
      -0.02067013503499171
    ],
    [
      0.0862283118940339,
      0.20304353505489436,
      0.1756201569822673,
      -0.0891894059643526,
      0.18078317288109197,
      -0.22934994001777353,
      -0.22209806173806934,
      0.17196940557170642,
      -0.1708337071346233,
      -0.23139834566747203,
      0.15511297769692806,
      -0.14989495517850848,
      0.09662880313696115,
      0.17853709154663355,
      -0.017438583772569516,
      0.0833339707041128,
      -0.08025756214863183,
      0.048442506362057325,
      0.01668603873847868,
      -0.029977120254697398
    ],
    [
      -0.2275490194269536,
      0.0661702068112699,
      -0.2210933183494586,
      -0.19590832558206728,
      -0.1628935202279006,
      -0.1542155728362341,
      0.09687636327939897,
      0.21093889618624184,
      0.16413900479142424,
      -0.15292519104514246,
      -0.018800343410067366,
      0.03611492122719345,
      -0.16371382585232952,
      -0.1724561690611205,
      0.08543554696399319,
      -0.23514958946193587,
      -0.13786467413788933,
      -0.19242244131474334,
      -0.16459363334301896,
      0.20404725492002224
    ],
    [
      -0.1467397829725045,
      0.07782295241339543,
      0.12336350516047256,
      -0.07379589910257606,
      0.13756031623125864,
      0.18809160498940308,
      0.10630765936924541,
      0.06025003105720633,
      -0.12076357504730562,
      -0.1353993475506141,
      0.15316192594460254,
      -0.21160662746125342,
      -0.22377360968805288,
      0.016445552623061577,
      -0.24161961644479685,
      -0.17601730447434455,
      -0.23378412940109122,
      0.10560492326994675,
      0.20539589772426858,
      0.126955367210126
    ],
    [
      -0.06025253025343197,
      0.008741446857406465,
      -0.22910374777183928,
      -0.0783267707603228,
      0.21923170550909366,
      -0.08479976949466966,
      0.04862926119433508,
      -0.08547962763410927,
      0.06413808000729027,
      0.2172277038505011,
      0.08383678761520097,
      0.2274045761975087,
      0.11239456549179783,
      -0.21828339299046184,
      0.12886961742836955,
      -0.02090152247356536,
      0.06515431914603892,
      0.17569518412653673,
      0.11793391518469976,
      -0.13664726177011566
    ],
    [
      0.2100856560214795,
      0.143736368058621,
      0.12126908359767752,
      -0.028038679121909715,
      -0.14836073021390556,
      0.2337593254647255,
      0.022170262641132588,
      0.05328791768815355,
      0.0920768825361053,
      0.2397027497267643,
      0.05284796994253166,
      0.2354144810785705,
      -0.07669328263976233,
      0.0281131375442068,
      -0.1836546680068788,
      0.24979849543261007,
      -0.08869108265668263,
      -0.1667440217403776,
      -0.10070030664185331,
      0.20629832504923584
    ]
  ],
  [
    [
      -0.07383269074839566,
      -0.14012494405629566,
      0.23794863271838873,
      -0.14989406177064812,
      -0.1767059007944657,
      0.24803441209365396,
      -0.2031478405642841,
      -0.002748215668468834,
      0.03428935839168873,
      -0.05703004872604672,
      0.1180376594836538
    ],
    [
      0.23593945205991923,
      0.22094951325747242,
      -0.06388090023551296,
      -0.18891103910930868,
      0.14093157838579934,
      0.011761743905407684,
      -0.07394915352143744,
      0.19684995546333178,
      0.21150859133953648,
      0.04488859290083824,
      0.12405322613143505
    ],
    [
      0.04486082484043885,
      0.08125796935806806,
      0.13689374771971807,
      -0.1304120228825254,
      0.10765560255328782,
      0.009341124194268635,
      -0.22131572722598775,
      0.049841050963925104,
      -0.0324079857794452,
      -0.0680605031737096,
      0.05056516352908752
    ],
    [
      0.060536047962585326,
      0.21890204936684526,
      0.05490564996021147,
      -0.11616056213657633,
      -0.08910730225497693,
      -0.07221989010221563,
      -0.19029217400431614,
      0.14406463790969815,
      -0.031282501139657415,
      -0.10192776147491606,
      0.02924708528988862
    ],
    [
      0.13090354347951277,
      -0.1582351096373198,
      -0.017856084940024775,
      -0.1872747260513668,
      0.14235833989100954,
      -0.07622535898713467,
      -0.16690845913991414,
      -0.09812806553956455,
      -0.18009279563374675,
      -0.03103988662454865,
      0.04907290892273447
    ],
    [
      0.2484440258848694,
      0.1001222630357615,
      -0.15744856673157653,
      0.0030838916333355004,
      0.1858117845442822,
      0.010385624111115987,
      -0.0012841138192029589,
      0.09002699426358973,
      -0.1081282138068525,
      -0.12981624267954794,
      -0.1969477278159859
    ],
    [
      0.1265134155759069,
      -0.2118703256327263,
      0.2087362542779002,
      -0.24608337987237938,
      -0.05776527274905524,
      0.24994257827849942,
      -0.1964788718726147,
      -0.1050828884640142,
      -0.018028607692654075,
      0.055612005423726185,
      0.09921314391407338
    ],
    [
      0.19600586847790802,
      -0.050669539581128464,
      0.17210068420678382,
      -0.060552306724139526,
      0.015133097619607516,
      -0.06432922363409976,
      -0.014974437426125864,
      0.042846304053998474,
      -0.09092320576722684,
      0.10314777128483371,
      -0.22562015574046257
    ],
    [
      -0.013779714640083873,
      0.0005220744770109143,
      0.16869754691496402,
      -0.17592379731052998,
      -0.20190984495464642,
      -0.19128435023781598,
      0.11636368343848502,
      0.133059103007805,
      0.210951779901475,
      0.07463428706244651,
      -0.08173298182320399
    ],
    [
      -0.21575159542399913,
      0.0779520199352316,
      0.13697895041157426,
      0.11547272531994768,
      -0.1766428740938532,
      0.027926329723635457,
      -0.24840017150322063,
      0.04817212145251687,
      -0.09168697673374404,
      -0.04820140102844256,
      0.20937441974754112
    ]
  ],
  [
    [
      0.05254555272971384,
      0.22765454774641225,
      0.17027483723913178,
      0.23042910321576993,
      0.08445784680458457,
      0.23999778277726852,
      0.05437587435334418,
      0.16280732732827025,
      0.23087964922309817,
      0.143839831649463,
      0.21820192415243506
    ],
    [
      -0.08755931509400611,
      0.11523080021704535,
      -0.03361359072856668,
      -0.23209453441157735,
      0.09942625952598733,
      0.13241490536043143,
      0.185999672415607,
      0.14732735408941372,
      0.07588718518628051,
      -0.07281522662099488,
      0.013971357441192322
    ]
  ]
];
