Ds[1]=[
  [
    {
      "numLayers": 3,
      "layerSizes": [
        20,
        15,
        10,
        2
      ],
      "inputSize": 20,
      "outputSize": 2,
      "inAct": "identity"
    },
    "signlogp",
    "relu",
    "tanh"
  ],
  [
    [
      -0.03409581247071081,
      0.20906761295797993,
      -0.057749026935707326,
      -0.06860565917669587,
      -0.043260481071906054,
      -0.22048926304553818,
      0.002749317327272627,
      0.01063847148357805,
      -0.029594031205345317,
      -0.21836675079761309,
      0.20397947519916404,
      0.1869727465118658,
      -0.18679516973452048,
      -0.1222389939514637,
      0.010665959787078905,
      -0.15497952411400462,
      0.02698194197747289,
      -0.10246788934373025,
      -0.09724054101349289,
      -0.07031451274683842
    ],
    [
      -0.015205434158617415,
      -0.14636808105017884,
      -0.22579617418188336,
      0.09817989329214383,
      -0.19583675879871865,
      -0.14465538889006857,
      0.02483203669348949,
      0.07936321702124755,
      -0.003244672353297562,
      0.06848962351573157,
      -0.17829114198211482,
      0.12820290029604492,
      0.24643213331033165,
      0.22122647327720196,
      0.23479175401701097,
      0.1010307155719109,
      -0.15858524892908088,
      0.11107047938664372,
      -0.012789066797549709,
      -0.2347757430303059
    ],
    [
      0.05279600711996091,
      -0.14770379037159675,
      0.10224331333225312,
      0.1303212489589622,
      0.1731952247837787,
      0.17032171803388096,
      -0.21672048710146363,
      -0.16758698554311097,
      -0.1422509332181554,
      0.025698214316831947,
      -0.12367469245658785,
      0.1867342183878617,
      -0.08921411346541352,
      0.09399659871129357,
      -0.18970529777893042,
      0.22948810254195884,
      -0.15152802662999182,
      -0.08928461224244905,
      0.022640965117840306,
      0.14483973030714387
    ],
    [
      -0.0026508420593489013,
      -0.04779986649018536,
      0.16490488764402833,
      0.13726105345965017,
      0.144421031732343,
      -0.12019212516694372,
      0.10977073021138906,
      -0.19228022363675557,
      0.045171622686532464,
      -0.15618046570156402,
      0.12112311904204293,
      0.1328519168141793,
      -0.0066911593438567785,
      -0.21654733070761012,
      -0.01596790675365989,
      -0.03630226695499783,
      0.11355049824904206,
      0.06473172184916576,
      -0.2219154482300747,
      0.15003827899376065
    ],
    [
      -0.2259188121861639,
      0.09357098855399365,
      -0.22732660359962104,
      0.17233559383655905,
      0.23428255393544295,
      0.17433513458252214,
      0.07704212746601724,
      0.061045754947713804,
      -0.10071066653432681,
      0.24569303181974667,
      0.22016887381146721,
      -0.216445930479914,
      0.18132213784847911,
      0.11218529608597028,
      0.08272350247743737,
      0.09699688822859437,
      -0.21910553995762655,
      0.13974961414084436,
      -0.12451211164815057,
      -0.24609998084975854
    ],
    [
      -0.08586087209683585,
      -0.1291415619948852,
      -0.15857504330764377,
      0.0403757608164671,
      0.22782191985595257,
      -0.08133977497493738,
      -0.08873468348988267,
      -0.03389319347826719,
      0.2127275572171527,
      -0.22199670599196003,
      0.018081983440509874,
      0.008328554489598905,
      0.1607650055463654,
      0.18125894962359906,
      0.009498506228893866,
      -0.12797556216998435,
      -0.11759975720374372,
      0.048808449102931306,
      0.056173042961233155,
      0.1604331565604477
    ],
    [
      -0.15794789633932377,
      -0.15115455803168004,
      -0.15326754977696355,
      0.05395601054356153,
      -0.09554002410410473,
      0.1687365237078155,
      0.065360670481658,
      0.1887794820572805,
      0.1076854784197443,
      -0.24181974335210443,
      -0.11774318995040933,
      0.038285535831998785,
      -0.1356987998246722,
      0.08838730741232853,
      0.08930997480600733,
      -0.035700444539329856,
      -0.13474980531140301,
      -0.08642139716068686,
      -0.11855412392272519,
      -0.12204556505368663
    ],
    [
      0.24289006038836464,
      0.17119746912219114,
      0.06510238581703931,
      0.06402483047535407,
      0.21365833609764634,
      0.01856027471172378,
      0.029364880892005063,
      -0.23121028490311718,
      0.020889166659103897,
      0.15746976797454776,
      -0.13119196639137864,
      -0.015412957430184782,
      0.0018350356451592442,
      -0.168991692050747,
      0.005056431941713957,
      0.24507697400822526,
      0.21561387449325226,
      0.23652190524379024,
      -0.18389469568833028,
      -0.18972563427651556
    ],
    [
      -0.03904599347661275,
      0.16878888167158174,
      -0.06169140851216459,
      0.034233210484231114,
      0.15770402037606446,
      -0.08209009072485784,
      -0.07476717897200474,
      0.09901211526979109,
      0.16406694124917126,
      -0.12826187280571488,
      -0.0660791668240559,
      -0.023219634831368297,
      -0.024811485115849408,
      -0.2450828563424799,
      -0.23002704768712207,
      0.2276617332110477,
      -0.23629766046123957,
      0.11478897362998514,
      -0.03779766181447225,
      -0.09999467499625958
    ],
    [
      0.07438539176513059,
      -0.12112629990846135,
      -0.2092556005926653,
      -0.19833691264926112,
      0.026012273546844655,
      0.24937060028592217,
      -0.23573050393630773,
      -0.028994059311547027,
      -0.20931648020328503,
      0.1797350772150229,
      -0.23865129208101415,
      0.07710108037152286,
      -0.0237240896526994,
      0.020903958347165907,
      0.19015001261655712,
      0.07340940435991772,
      -0.14297327339364813,
      0.07465291233173976,
      -0.06573688633008312,
      0.14517236739146616
    ],
    [
      -0.01574897863276542,
      -0.038710519280695244,
      -0.1001890917411527,
      0.06952570447657563,
      0.238433548495948,
      0.04136858910021768,
      -0.10855832583867076,
      -0.03174646489957794,
      0.027959311147463084,
      0.20656831776421064,
      0.1893596934399201,
      -0.19909855097587126,
      -0.08892410373338183,
      0.10418048060162233,
      -0.12206047015639171,
      -0.058754790981343064,
      -0.05780328763474907,
      -0.09151406910256582,
      0.07477978953467262,
      0.1503170449448794
    ],
    [
      -0.08451973415784997,
      -0.24597856258638634,
      0.16211425284998637,
      0.10309680648014485,
      -0.12916513436480115,
      0.1156053119745315,
      0.06686155985983822,
      -0.03231772613889283,
      0.10041873878624008,
      -0.1439199543053099,
      -0.10117624564452027,
      -0.16889697036472795,
      -0.17837969781823826,
      -0.06609872658032012,
      -0.22951756068512957,
      0.011356486367443797,
      -0.010455131430687825,
      0.1631860795241586,
      0.0012377593112960494,
      -0.16636827547380245
    ],
    [
      -0.025494580911300413,
      -0.1343315722986651,
      0.07918722189318794,
      -0.22007861034684528,
      -0.18228052465683303,
      0.18819601390634977,
      0.03725473078171754,
      -0.019351526483415205,
      0.10604270379663178,
      -0.13095486100104414,
      -0.21242824299926938,
      0.23618731528437764,
      0.18668639436157464,
      0.048706907511275876,
      0.1254239098378387,
      0.2347566295999522,
      -0.2213904945052088,
      -0.16428815862903906,
      -0.007009305222969442,
      -0.17953156364324085
    ],
    [
      -0.21194116259941936,
      0.1654006218809464,
      -0.22155846384428834,
      0.20132259725905455,
      -0.15834639468217737,
      -0.12737072097663704,
      -0.18391562020977814,
      0.163617003424055,
      -0.02083857261366906,
      -0.1794939333424369,
      0.0230039867985411,
      -0.09694022910824446,
      0.12909859337619572,
      -0.11093454794172392,
      0.09956021179007785,
      0.0975710241212443,
      0.10275511219611011,
      0.056082390761194534,
      -0.12642732861112033,
      -0.15776208399966468
    ],
    [
      0.1826908405298448,
      -0.11368145618736547,
      0.07231260760824865,
      0.10681047069243649,
      0.036369229939105296,
      0.13671718868098492,
      0.1644314162401973,
      -0.16377211311600937,
      -0.054650430522972304,
      -0.13151299877579087,
      0.21299284426639709,
      -0.10982183538387147,
      0.05791565199820681,
      -0.1905421940186241,
      -0.08868572446373318,
      0.19914035157213789,
      0.0833799924771979,
      0.21723164071385181,
      -0.23692317250772565,
      0.06697490318245353
    ]
  ],
  [
    [
      0.0663982624081777,
      0.12121717763899115,
      0.05651411434676884,
      -0.20304544113844547,
      0.06149000938677818,
      0.09005684272138775,
      0.21721889909619374,
      0.17710677687333298,
      -0.06562165472094222,
      -0.15055814028988923,
      -0.24166079232355342,
      0.035277858195379985,
      -0.21975126960215957,
      -0.13575626771405946,
      0.10722898973312733,
      0.22482368099301392
    ],
    [
      0.21926071196691937,
      -0.10223875555556344,
      0.05804634970032041,
      0.03500689569430038,
      -0.22678063990975095,
      0.10129679689085092,
      -0.18355712340529823,
      -0.1884166405947773,
      -0.07406461880704446,
      -0.0803841865229768,
      0.06039492096932836,
      -0.1977155684297197,
      0.15829900592712792,
      0.22622002720486206,
      0.17233743204810675,
      -0.05788114711723724
    ],
    [
      0.20205297174155307,
      -0.05227810919124365,
      -0.17811661003148666,
      -0.023907686307813814,
      0.12384262298639648,
      -0.12787955687913527,
      -0.10788525866042126,
      -0.013796839904058888,
      0.24854071044360243,
      0.23866388484138124,
      0.14783526858025237,
      -0.24076365187312349,
      -0.08655072128202657,
      -0.21313669070637953,
      0.19960414408553812,
      0.19119619878940558
    ],
    [
      -0.10828171970601197,
      -0.10384573503164224,
      0.24583775086740894,
      0.21128831957745264,
      0.08631540878744903,
      0.08406555209442607,
      -0.21941084806098232,
      0.1837580514535272,
      -0.179004146075201,
      -0.03430732280508647,
      0.018086716811658465,
      0.07166841850555872,
      0.11866735488464236,
      -0.03539623921119417,
      0.22626887943337426,
      -0.10040007319263461
    ],
    [
      0.20346978691133338,
      -0.15694924535705673,
      0.1772440996637688,
      -0.07206007465686548,
      -0.19784166799894726,
      0.022171820454830404,
      -0.12642363787610572,
      0.2099055811827828,
      -0.1187068468467739,
      0.1047552009385116,
      0.10414476619156421,
      -0.19778532783230768,
      0.08813234600726477,
      0.19199981164107416,
      0.14776025306045443,
      -0.06052515093400557
    ],
    [
      -0.22068331941890384,
      0.21393171847994574,
      0.05882509060795077,
      -0.20915404609567373,
      0.08218164431334213,
      -0.18338993030151013,
      -0.04108094870757639,
      0.09258720311367846,
      0.22787233807799373,
      -0.00936193159642612,
      0.05478911951253712,
      -0.005223074110698778,
      0.05632246927402157,
      -0.16657096655012454,
      -0.0067977361864611785,
      0.24601812936465156
    ],
    [
      -0.04875617623529421,
      0.050373513110946955,
      -0.1923776022738763,
      -0.06771508548710492,
      0.07927211029774622,
      0.17733040045345366,
      -0.09638745443725066,
      0.11336077940417172,
      -0.11784697527295762,
      -0.1423862924691876,
      -0.02836033558883938,
      0.24934665804301603,
      -0.01130580249570795,
      0.23026588397820363,
      0.17125693615487003,
      0.20433134036599943
    ],
    [
      0.17200644480303717,
      -0.09057118413190329,
      -0.08174370958883004,
      -0.013075006363184316,
      -0.23164331767697172,
      -0.24887213425587507,
      -0.22461730851589773,
      -0.11834944621253524,
      0.12255201117873021,
      -0.040304621051155676,
      -0.12692711097301468,
      0.18400073271075523,
      0.22285618283056113,
      0.017498190267228875,
      -0.08144126866468637,
      -0.11575308521072364
    ],
    [
      0.2309299129571899,
      -0.15754500058222726,
      -0.16746932608912435,
      -0.1613495821289888,
      -0.01476653509717607,
      0.20929416260843442,
      -0.039061129493576374,
      0.12570057820585,
      0.06601686436563159,
      -0.19295979948675634,
      0.20163956932256227,
      0.06566013941928656,
      -0.018169597560142414,
      0.034841611803979544,
      -0.037219356100304135,
      0.08991711108082301
    ],
    [
      -0.0609342380285412,
      0.13487761801050735,
      0.06735010532753366,
      0.19084459652251212,
      -0.23560844550977306,
      -0.05457867621463275,
      -0.17890120849840513,
      -0.19805479264836384,
      0.04022476811325465,
      0.1487129812857927,
      0.05696072467451058,
      0.06991240027685675,
      -0.24307971933060474,
      -0.05888193777044082,
      0.07531200157274293,
      -0.18971092484454127
    ]
  ],
  [
    [
      0.035676309386857785,
      0.20143105921645793,
      0.21662867487248094,
      -0.02798561172963382,
      0.24301198256452072,
      0.20066867305524994,
      0.1433950148303807,
      -0.24796413677382495,
      0.22270716811287739,
      0.08743707747901897,
      -0.10269799470940022
    ],
    [
      0.20718236903216702,
      0.21598373724842918,
      -0.07817594256605015,
      -0.22317838024939435,
      -0.019040420765815247,
      -0.23199365281055928,
      -0.07923261880131871,
      0.10345382028109434,
      -0.0751336263484072,
      -0.2129028927436108,
      0.0302910976930717
    ]
  ]
];
