Ds[1]=[
  [
    {
      "numLayers": 3,
      "layerSizes": [
        20,
        15,
        15,
        2
      ],
      "inputSize": 20,
      "outputSize": 2,
      "inAct": "identity"
    },
    "signlogp",
    "relu",
    "tanh"
  ],
  [
    [
      -0.041636557449370115,
      0.08835545646514453,
      -0.17843479711473675,
      -0.04077274648484419,
      -0.01105460001117442,
      -0.023247992881495927,
      0.07943685001215228,
      0.0969529423886697,
      0.18276559174107926,
      -0.0784905897739786,
      0.23478494259180444,
      0.15177095758256814,
      -0.08054611057319794,
      -0.09873713444800569,
      -0.10597084018940628,
      -0.22769283948581415,
      -0.13418534453260245,
      -0.017562201023140822,
      -0.21694033290923626,
      -0.22668382941932008
    ],
    [
      0.014558578970755576,
      0.1034288910652933,
      -0.0015374235244995926,
      -0.2442403564371623,
      0.17546252484137187,
      -0.16225249362957178,
      0.10011444238918682,
      -0.22449132642785408,
      0.18460860040033178,
      -0.09650656560437859,
      -0.16658665912497,
      0.09254415783319336,
      0.18197302625189654,
      0.13352342848312804,
      -0.2347290590115284,
      -0.12830519190698014,
      0.08400167944884168,
      -0.23912057876054948,
      0.17786923062670618,
      0.13369363900368314
    ],
    [
      -0.22453199985446848,
      0.22503413151828183,
      0.15029013034399324,
      0.0875764086064284,
      -0.2243096136397809,
      -0.20168172011879937,
      -0.2096390628540949,
      -0.10167402401600628,
      -0.09966271313574981,
      -0.010196237300909738,
      0.08501598348572975,
      -0.03076414775552022,
      -0.20486373882543174,
      0.08910340297560759,
      0.1628132902207035,
      -0.11342399574670209,
      -0.19234945137315773,
      0.10975039636646117,
      -0.17181113429033867,
      0.2080602956261704
    ],
    [
      0.24268554203349352,
      -0.14299745044181894,
      -0.08100297208794444,
      -0.00913333069688671,
      -0.07304967807177254,
      -0.24105876249123398,
      -0.14206526182586954,
      -0.08954633071693174,
      -0.14341002515096196,
      -0.12866407419976855,
      -0.16928828467442286,
      0.19017452320511818,
      -0.16918435286537464,
      0.19021717304501373,
      -0.02643458444400204,
      0.05859920684142417,
      0.06506128940442846,
      0.10807535330863755,
      -0.20877045414618867,
      -0.22110876791394996
    ],
    [
      0.035492332532846504,
      0.12730292924527314,
      0.03560642228264316,
      0.20068508894370646,
      -0.05699034472957887,
      0.22988048049873283,
      0.13899283373794336,
      0.08626837021747452,
      0.15084397332445848,
      0.08198300530185415,
      0.21529132558887404,
      -0.09696864660584814,
      0.19143531322707125,
      0.013457504280941723,
      0.06289601493642766,
      -0.20665287892429451,
      -0.0375786439376386,
      -0.03885872511308991,
      0.0991554361355877,
      0.2292126228177977
    ],
    [
      -0.24641530426041597,
      0.19796238234254498,
      0.14397152561747711,
      0.07286606743192336,
      0.06812496368823195,
      -0.040356346002257126,
      0.23076517477069375,
      -0.06835054377780336,
      -0.07721440112380729,
      0.027465573593762727,
      -0.02457769266166321,
      0.03728248416533175,
      -0.1629970122872258,
      -0.17314430742041365,
      -0.12576647642946032,
      -0.06933622160951142,
      0.09396980441646113,
      0.023856060439278848,
      0.010838398349175382,
      0.11680616500303698
    ],
    [
      0.10965320610647317,
      0.10843960825967047,
      -0.022058160578922126,
      0.22175405742544368,
      -0.09323511629466635,
      -0.1971823118373151,
      -0.15709838891671118,
      0.17092369427149218,
      0.08375877073595761,
      0.1340281387675769,
      0.028669268604388398,
      -0.15290454822190763,
      0.19580461022910745,
      0.18652449804873844,
      0.06108135636312745,
      0.16237145222073662,
      -0.11848501476058793,
      0.008135017947593803,
      -0.030136894269450654,
      0.0890031902179993
    ],
    [
      -0.17609855697661403,
      0.21210127962348452,
      0.01618473340121751,
      -0.2282844447920947,
      0.009490787336717266,
      -0.03598135246059164,
      -0.07787497704779311,
      -0.01450242795402018,
      0.10080638066832787,
      -0.13673013423506158,
      0.21862801407994992,
      -0.21265342017926075,
      0.2467138164482358,
      0.15314990914196658,
      -0.13144409921829775,
      -0.1863377785028646,
      0.025564809866383875,
      0.08859048756538068,
      -0.18908524587775993,
      -0.21683170641218685
    ],
    [
      0.08508224931315211,
      0.16458926889698183,
      0.22254054765893533,
      -0.1582044933929701,
      0.18396997527982645,
      0.1419503914861565,
      0.17041028031630584,
      0.005138634690704413,
      0.0703703223502064,
      -0.022291275482640538,
      0.073014159229777,
      -0.0229278052532767,
      0.06632058810252889,
      0.03857215635257372,
      -0.1825197823944133,
      -0.14957990610408428,
      0.16515181870062146,
      -0.08006805440766607,
      0.1753685694615244,
      0.11166518800364944
    ],
    [
      -0.21377654765304,
      -0.20976284641307646,
      -0.11514098779556664,
      -0.03253833869278855,
      0.14337733553631704,
      -0.17722897809226185,
      0.16285571723012887,
      0.20860580647142712,
      -0.0651550653496284,
      -0.22719483639889865,
      -0.07155622861681016,
      -0.09200245147374869,
      0.10369233791316479,
      -0.2119820594590141,
      0.1456198461105973,
      -0.127478634906035,
      0.08606560776714572,
      0.036298579245074014,
      0.2322868152207932,
      0.002402492651991217
    ],
    [
      -0.007522401939492496,
      -0.08758719829384604,
      -0.05984009571992366,
      -0.03954864235541122,
      0.13750345911400008,
      -0.23065616871725364,
      0.19848624468395382,
      -0.03525008953420816,
      0.15936281317096923,
      -0.21952571441008006,
      0.1452693089092829,
      0.0107063461520443,
      0.11905390067676491,
      -0.19690310101687797,
      0.22221247769368152,
      -0.02770445281053885,
      -0.16947154906172812,
      -0.1030433559379037,
      0.04359170530831147,
      -0.15021330677347755
    ],
    [
      -0.06068648696954726,
      0.027488760595841433,
      -0.1295344933098363,
      0.028866954537847267,
      -0.06115775919695865,
      -0.1481734882343781,
      -0.07009061447532616,
      -0.02640826685845654,
      -0.21404925180700052,
      -0.1092119492376652,
      -0.24646259375507723,
      -0.17005720381357892,
      0.2090873560075311,
      -0.0838757499174207,
      0.02288117267538403,
      -0.15032909988183119,
      -0.15645333576339243,
      0.0702296926391493,
      0.16012491892966002,
      0.15086322202913166
    ],
    [
      0.21931743271788073,
      0.17190762864603554,
      0.17105830090892188,
      -0.14775233086322143,
      0.030112434781007558,
      0.10273585597468754,
      -0.214450543467316,
      0.2170396769739601,
      -0.18322385923620815,
      0.16115663210496323,
      0.10547459621554384,
      0.15270555795104362,
      -0.07030390300177669,
      -0.06180324650731739,
      -0.03329888954670629,
      -0.22686778643368627,
      0.19700012543032136,
      -0.06654259496176923,
      0.1419932945514754,
      -0.053564849180841645
    ],
    [
      -0.18786266354336995,
      -0.1568376691014155,
      0.000806730349000806,
      -0.1377267780685666,
      -0.022215976501727075,
      0.10557016656939966,
      -0.024054336883607808,
      0.1850194090459677,
      0.19319321397709788,
      0.23732345195000293,
      -0.1218965828817431,
      0.021782412123980688,
      0.044373257296731694,
      -0.16427385081145812,
      -0.2358399282350545,
      0.235522982959806,
      -0.09387918521628558,
      0.20115307357003914,
      0.21968123842419057,
      0.0005807592975347053
    ],
    [
      -0.06722723278862086,
      0.22675378394965995,
      0.00853200124832837,
      0.2199961318093558,
      0.11452185033212631,
      -0.09159770489480801,
      -0.10268112063319962,
      0.07164530772980399,
      -0.21597934695337434,
      -0.21271272546861553,
      0.052726365504751405,
      -0.022510227417870843,
      -0.2358501631545687,
      -0.12555722408202252,
      0.24611799291534364,
      -0.17443963243068827,
      -0.12762030353402365,
      0.04371973916397931,
      0.14021941645729086,
      -0.10678217011584701
    ]
  ],
  [
    [
      0.23047206071425635,
      0.022511608235026515,
      -0.06472401120975263,
      -0.03709336142161607,
      -0.0126234006892465,
      -0.018869539884270647,
      0.06368002011293883,
      0.027326724309789607,
      -0.1573898340651836,
      -0.11690689689565542,
      -0.21895967538682337,
      0.11809707784379136,
      -0.00270910234822197,
      -0.06633856237478358,
      0.2306740938939396,
      -0.1922045653895944
    ],
    [
      0.20569063769315132,
      0.19813149568344118,
      -0.13629449838080587,
      0.004614072816212456,
      0.05503306259176749,
      -0.09296467697790356,
      -0.23805320032655403,
      0.011570941673676505,
      0.0162470367477085,
      0.11408879421020351,
      0.205673632454293,
      -0.1032341038232637,
      -0.00135241157101057,
      0.10330632332767303,
      0.12436375338540517,
      -0.23347598274820702
    ],
    [
      -0.21501218693501217,
      -0.20783007613477666,
      -0.044081581355601696,
      -0.17135573261214876,
      0.23353980312346379,
      0.20900671653762448,
      0.13210328291767592,
      0.10830212429226593,
      -0.19490121848910585,
      -0.1139268951600994,
      -0.053253547922760935,
      -0.15499026757291456,
      -0.16796138093225071,
      0.041144528496176,
      0.07481901225897353,
      -0.2330759260379771
    ],
    [
      0.027864445909948576,
      -0.22439047752648433,
      0.018643377993440846,
      0.020351882554834,
      -0.025416162130249886,
      0.08713151559423171,
      0.05048193789019162,
      -0.148425807873717,
      0.1182214205428112,
      0.09730296379619746,
      0.005942437275005319,
      -0.09883228033557234,
      -0.034304046036999825,
      -0.15747154916446943,
      0.03297314415858704,
      -0.0873673610085286
    ],
    [
      -0.1746636433735106,
      -0.048366506542102006,
      -0.059265250112776446,
      0.21702902124974272,
      0.015787715003704517,
      0.12082223859524915,
      -0.15825959782374954,
      0.04918948377157556,
      -0.20643142144405796,
      0.047596461431624715,
      -0.17694220367991303,
      0.13134861713725238,
      0.2045483764067913,
      0.0716817673028114,
      0.19060409578521426,
      -0.029847246626316437
    ],
    [
      0.1749032041006221,
      -0.16221765873029242,
      0.1936219670472875,
      -0.0855690180357988,
      0.12138514532855282,
      -0.17723824000398858,
      -0.17936913504786434,
      -0.08953298156850992,
      0.23559926853029506,
      0.1412820288391769,
      -0.09710028361531653,
      0.16158689081882638,
      0.11903710116123445,
      -0.10255273411460325,
      0.16908072494545207,
      -0.2310340112580151
    ],
    [
      0.12166686570423851,
      0.08606857240727755,
      0.14008657219428244,
      0.11556182044990654,
      0.18165928228776052,
      0.18028654007982997,
      -0.10257269903432481,
      0.17986157096172473,
      0.06485378357398125,
      0.2350797678238402,
      -0.1547673441614706,
      0.05095713522926987,
      0.11006174539627367,
      -0.19731599028682162,
      0.15015641454518175,
      0.20253370946210408
    ],
    [
      0.08910479346185585,
      0.07801670628060031,
      0.15158968683094964,
      -0.18824315226463773,
      0.1688711931429242,
      0.035754618343246,
      0.1123221512996968,
      -0.058105872700217,
      -0.15758481102376165,
      0.11649461599011324,
      0.1909690912390663,
      -0.0038598236601426472,
      0.05267280275769215,
      0.16661073071387972,
      -0.2014612046804064,
      0.14423105340343811
    ],
    [
      -0.12999961069552374,
      -0.000018537811095953316,
      0.17345889884384175,
      0.03646118671797871,
      -0.0049604037488296115,
      -0.026562182330645057,
      0.14777614509579917,
      0.23162396751496445,
      -0.16240674213184558,
      0.23114563515286674,
      0.10279935659432121,
      0.009634295156263184,
      -0.052955190396688,
      0.06794829554368648,
      -0.08438800854895662,
      0.0733569832314589
    ],
    [
      -0.24831433221251054,
      -0.12158476757535969,
      0.1590606309357483,
      -0.12416942062200781,
      -0.03413325562956965,
      -0.0241282793977578,
      0.1909372682355726,
      0.23181161088260016,
      0.054608972590658056,
      -0.21469441916408172,
      0.07402769841905948,
      -0.015011261347478377,
      0.03596420586139193,
      0.20311277684152879,
      -0.07247119892893933,
      -0.034720777837992434
    ],
    [
      -0.2235077595656766,
      -0.17198171620464953,
      0.09166345641911228,
      -0.09488085850624683,
      0.19899906742807266,
      0.04823518039014596,
      -0.1515639723468042,
      0.17687602441700284,
      -0.2490746759432495,
      -0.18150824356936196,
      -0.06586460869335198,
      -0.1387624149726287,
      0.050732180545831285,
      0.20668479958701624,
      -0.15621579440231992,
      0.014038964922662767
    ],
    [
      -0.044103738444300655,
      -0.014890039800581789,
      0.22130126463141975,
      0.23197886383459,
      0.01573261649709401,
      0.18237327133136888,
      -0.10686850826301264,
      0.10233141656926381,
      0.17233769030899498,
      -0.01624805672715146,
      -0.19411352583508862,
      -0.10229222329347804,
      -0.2128416364470307,
      0.00974478167297127,
      -0.11129872758900689,
      -0.1202189625366405
    ],
    [
      -0.08750983158550735,
      0.11771718564487949,
      -0.20706470050945597,
      -0.07253719792758856,
      0.12696430003097137,
      0.05258683609264764,
      -0.10194936252623682,
      0.07243538002391059,
      0.2060847021102553,
      0.14398941620000844,
      -0.052321403519593024,
      -0.22326767950588333,
      0.22304939147434388,
      -0.22085021979820207,
      0.13470931904089684,
      0.029699063081502608
    ],
    [
      -0.22198333123024006,
      -0.09776387800090397,
      -0.03780828903712852,
      -0.23602151300179064,
      0.19139573919971575,
      0.10807233198742128,
      0.09709767738254294,
      -0.22673547022728718,
      0.1208842107605913,
      0.07207060160260981,
      0.08531235101615647,
      0.012574762152819996,
      0.13049144112808164,
      -0.22450872098670738,
      -0.14031898368998041,
      0.15152979585996829
    ],
    [
      -0.10058687090062274,
      0.13868643527583768,
      -0.24620869602838996,
      -0.11622506227377694,
      -0.245081081978825,
      0.1693059150843953,
      0.15876632809788077,
      -0.07036572034254368,
      -0.0495907859717547,
      -0.04194120296924819,
      -0.2250871050393889,
      0.08364176957021496,
      -0.13671059992411477,
      -0.23214705429165022,
      -0.07249072095205567,
      0.11916906461314825
    ]
  ],
  [
    [
      0.019898692124915796,
      -0.07223376310834445,
      -0.12800962189200626,
      0.2416500057517147,
      0.11680954468902449,
      -0.005890386911340195,
      -0.24231703642871377,
      0.12000589480115592,
      -0.10638999625939605,
      -0.0197685130765195,
      0.1268576659841157,
      0.08761346764275463,
      0.09866433395275603,
      -0.007611983791960708,
      0.12097400693367766,
      -0.22011523169127617
    ],
    [
      0.1627460415611705,
      -0.1440049734058576,
      -0.09664434478062728,
      -0.17399459718906218,
      -0.21659164381492907,
      -0.0720278302128175,
      0.1350367989356251,
      -0.17508174375730512,
      0.24932856073435067,
      0.22204493925946683,
      -0.03866329644787436,
      0.17383740132479897,
      -0.04592209814310949,
      -0.2307612587193777,
      0.1188754375328201,
      0.11454248571514242
    ]
  ]
];
